27.74 80.25 8.6
20.21 77.20 83.9
44.50 60.57 36.7
88.03 98.15 25.0
5.47 94.78 64.5
79.44 10.16 29.5
7.56 93.04 76.8
70.07 51.51 83.4
47.70 57.73 81.1
48.69 56.31 45.1
16.32 35.13 69.9
20.20 68.53 47.6
12.59 51.61 9.2
97.84 95.67 97.1
43.88 65.61 41.2
38.10 61.43 4.0
18.91 21.52 99.4
46.45 65.12 24.6
49.56 43.86 31.1
57.22 62.24 42.2
94.50 76.62 32.1
47.16 42.38 26.0
39.10 76.24 28.2
25.05 88.64 53.4
52.71 64.79 36.0
60.70 95.58 10.2
67.62 64.91 14.7
52.06 38.44 78.6
83.25 13.44 81.9
22.09 54.64 50.5
84.31 76.99 47.6
53.05 14.41 64.0
73.49 71.11 91.0
49.91 20.32 33.0
48.02 4.99 95.6
98.67 50.04 49.8
84.65 42.26 18.4
25.52 0.95 74.9
45.97 56.99 11.4
18.46 93.10 50.2
18.66 33.99 30.0
82.13 98.75 37.4
73.18 79.43 83.8
42.04 29.32 60.4
99.37 82.93 19.8
32.52 4.05 23.0
81.00 60.75 44.4
1.97 91.90 98.9
27.58 42.93 62.6
59.85 21.94 76.1
62.39 4.35 24.6
42.63 33.84 84.6
13.12 12.98 49.5
43.77 72.53 39.8
96.31 37.60 70.6
28.22 52.59 55.1
85.54 57.16 1.8
45.70 90.22 4.6
63.13 88.76 44.7
59.72 87.76 49.2
33.44 82.09 30.3
68.43 81.56 3.6
66.45 30.82 48.6
57.12 89.94 12.9
90.04 32.04 97.2
61.63 14.87 35.0
94.66 82.48 66.2
93.15 12.23 30.8
30.40 55.01 49.8
20.28 96.97 19.7
78.78 73.97 22.5
64.54 22.69 62.1
23.40 56.89 15.8
24.99 32.60 56.1
0.41 28.67 32.3
17.11 27.84 89.2
97.74 50.15 96.2
6.43 43.60 26.7
98.49 56.96 20.7
17.28 21.39 43.1
78.60 73.28 3.3
94.02 45.51 86.8
80.44 22.05 42.3
29.28 39.95 38.1
96.90 1.52 64.5
79.60 44.03 75.2
5.29 11.58 29.5
82.03 93.35 63.3
95.03 81.98 45.5
8.64 36.90 25.8
62.99 67.35 58.9
0.88 15.37 90.2
81.08 76.25 41.1
15.03 85.30 91.0
86.03 33.50 17.4
30.74 88.63 38.6
7.47 14.85 84.0
96.26 38.10 44.9
6.07 20.33 45.8
9.85 69.04 33.4
49.49 33.21 18.9
