88.69 47.16 13.3
38.95 73.56 8.6
52.41 92.00 2.6
62.75 1.69 83.0
61.64 98.66 97.5
5.81 33.55 58.8
55.23 34.05 86.3
38.41 10.41 22.4
52.82 20.19 88.3
72.27 24.95 54.7
35.88 4.07 69.2
42.98 68.81 48.6
88.28 95.61 46.2
29.13 8.45 16.7
25.32 76.69 98.0
48.28 56.43 48.5
30.52 49.85 7.0
0.19 89.71 78.4
19.85 74.56 75.8
41.09 14.06 60.3
38.00 1.53 18.2
8.62 37.56 72.1
9.31 26.42 81.2
50.24 96.92 94.3
7.79 5.76 77.9
67.01 95.28 52.0
67.39 66.93 11.2
32.88 79.66 19.9
45.89 53.67 55.6
82.37 98.75 28.1
21.75 63.81 31.1
56.84 0.14 37.5
23.50 35.72 80.2
45.88 64.36 45.6
90.97 34.66 60.8
13.40 19.80 67.8
51.09 64.16 29.1
18.96 66.39 46.7
0.65 36.05 9.6
26.43 9.80 5.1
58.65 54.25 7.1
1.06 3.09 13.6
15.83 42.68 91.5
76.95 9.86 37.5
27.46 78.56 90.5
11.71 75.03 12.9
52.87 61.42 47.9
99.87 49.93 54.6
29.39 88.24 20.0
75.16 8.63 2.6
74.92 45.06 26.2
