68.90 92.04 54.4
91.08 90.71 53.9
37.26 12.75 33.7
85.27 55.84 50.9
65.40 2.41 53.8
2.04 20.17 68.9
64.64 51.50 47.8
39.84 6.11 53.5
28.36 2.25 52.6
62.62 90.18 42.1
61.27 30.91 14.6
58.15 24.50 89.8
89.22 37.69 51.2
24.17 54.26 95.0
8.50 98.50 51.8
17.18 43.73 8.8
47.83 46.55 33.1
54.14 68.67 29.3
72.22 22.33 94.9
4.40 47.15 10.5
86.47 92.54 44.1
59.37 40.74 13.4
52.13 67.13 52.0
3.35 2.83 28.4
94.56 25.51 36.6
47.74 92.98 56.7
63.36 53.40 57.3
44.47 25.09 3.4
44.84 65.83 65.8
8.75 4.89 13.2
27.73 36.52 67.9
43.27 5.76 47.6
97.97 81.68 35.1
56.01 16.21 84.4
64.56 17.31 92.6
90.90 42.88 22.2
35.85 0.33 44.1
54.67 26.11 46.8
79.72 13.54 64.3
19.67 43.77 18.9
19.85 47.46 4.7
75.68 88.91 21.6
45.83 75.14 84.3
22.57 40.57 60.6
76.23 97.30 99.1
91.75 51.24 61.3
13.44 45.41 77.7
68.23 7.00 54.7
88.62 58.53 7.7
80.91 51.71 3.4
0.90 59.83 32.2
81.28 7.90 50.3
83.12 95.49 29.4
28.06 35.60 32.5
19.65 94.74 15.8
99.05 23.96 52.3
34.26 68.37 4.7
41.16 72.76 82.7
90.19 31.53 99.9
53.23 78.33 29.4
5.57 10.42 10.0
6.08 60.70 4.0
0.45 91.87 51.0
95.56 59.64 57.5
81.42 98.50 57.3
30.50 33.56 45.3
14.15 75.21 96.2
47.60 90.34 53.3
88.80 55.90 61.9
50.51 43.82 20.9
72.38 49.87 19.0
18.60 82.48 48.7
34.05 59.33 68.3
99.96 21.70 71.4
80.43 96.59 84.1
70.00 20.93 97.5
68.17 80.86 96.8
23.50 71.16 35.0
23.50 78.22 19.8
9.59 5.41 48.5
41.60 57.24 13.9
86.91 74.59 85.2
58.81 64.08 34.2
94.96 46.80 81.9
91.08 60.16 44.1
46.11 99.26 39.8
55.33 2.66 57.9
97.23 88.31 11.1
81.37 80.37 9.3
78.74 7.49 31.8
23.13 77.09 3.3
60.86 48.46 18.5
61.93 65.42 24.2
89.76 44.65 97.2
60.27 33.80 5.7
67.62 29.61 19.0
61.11 16.71 61.8
94.68 67.95 74.1
99.25 13.74 66.8
91.71 36.61 91.1
30.50 84.82 10.5
52.45 21.17 33.1
30.38 33.68 44.2
30.98 56.54 29.0
35.56 87.65 57.5
87.71 20.77 8.6
40.00 53.08 29.4
81.73 1.29 77.7
63.84 79.73 43.7
70.50 56.36 60.1
97.74 95.51 54.3
22.54 85.76 54.9
46.30 7.67 44.0
68.96 75.44 46.4
13.97 19.69 4.4
10.91 61.55 45.2
47.62 60.16 41.0
32.65 94.38 52.6
19.16 98.62 16.5
1.19 16.70 2.6
74.04 62.39 35.6
99.94 59.04 25.6
36.12 35.91 22.5
77.63 74.37 37.8
25.33 45.31 15.6
53.96 14.96 31.9
16.25 64.02 40.5
42.12 79.17 85.3
73.38 99.92 49.3
62.92 47.29 88.8
65.88 16.80 82.7
96.18 94.25 34.7
0.25 97.15 82.0
95.17 28.14 71.5
17.62 55.58 96.7
55.44 27.98 67.9
8.22 17.37 67.6
13.43 53.82 41.8
95.08 29.42 34.1
87.64 77.13 34.8
36.68 73.57 42.7
1.84 41.20 81.0
27.11 55.48 58.3
27.49 96.90 32.5
70.60 10.56 6.4
52.48 18.19 76.5
24.54 11.22 35.8
71.97 51.37 92.5
40.80 45.33 36.4
77.22 71.01 92.8
0.86 28.19 27.5
30.74 9.27 41.2
38.61 65.93 12.0
16.54 52.06 17.5
80.78 71.16 98.3
52.69 39.60 32.8
5.84 78.54 28.5
14.44 60.45 75.7
57.59 88.23 47.7
87.38 2.35 57.9
28.03 36.12 18.4
78.50 84.99 12.3
46.74 50.37 94.5
50.36 11.22 24.0
47.96 96.47 61.7
42.06 33.69 20.8
86.81 5.97 89.6
70.04 73.90 8.4
71.30 5.22 2.4
81.23 3.82 30.6
31.66 77.84 21.7
79.81 31.02 77.3
99.46 39.16 77.7
42.17 52.49 7.3
73.17 96.34 71.2
9.90 35.82 87.7
42.46 0.61 1.7
73.53 72.30 9.3
58.59 59.63 61.2
5.97 38.24 59.9
89.73 91.95 21.5
26.59 25.84 67.8
65.77 18.89 57.8
38.49 77.16 63.9
95.93 35.10 94.3
24.07 85.37 10.2
14.99 81.03 21.6
30.88 67.85 72.8
44.91 14.01 72.2
95.25 89.91 96.5
36.87 65.00 71.2
9.15 14.43 86.3
92.23 88.33 37.6
87.55 36.69 96.7
80.93 81.26 51.2
63.98 11.29 85.7
70.97 26.40 46.6
48.55 97.00 80.4
78.23 0.08 94.7
2.81 60.79 58.9
23.98 31.32 18.0
99.99 51.53 98.6
42.13 57.30 51.3
27.69 36.44 24.9
86.46 72.99 77.7
93.70 51.57 9.4
90.82 55.06 77.9
36.65 10.81 89.0
5.79 63.76 73.5
89.73 82.64 13.4
35.38 40.37 27.6
21.59 0.57 75.0
51.86 27.73 10.7
6.12 18.45 19.5
4.86 0.15 75.2
2.69 11.69 98.0
53.37 30.50 88.9
25.82 19.54 56.6
32.07 19.04 31.6
88.81 56.37 12.0
78.30 11.33 71.8
11.23 68.65 28.2
42.90 11.28 87.5
71.72 17.87 20.1
92.50 13.03 44.1
1.54 56.28 38.6
7.91 83.55 30.2
29.13 53.98 100.2
65.45 3.68 10.5
80.21 66.16 96.0
78.52 19.92 45.5
22.61 59.02 100.7
76.97 92.10 55.3
11.98 55.67 13.6
62.10 28.36 61.2
5.54 9.77 88.5
73.68 52.92 53.9
81.18 18.97 33.2
53.28 85.02 5.4
66.78 77.44 34.0
44.26 47.40 36.9
93.41 22.20 27.0
11.59 30.97 25.1
52.64 7.30 21.2
90.21 20.66 20.7
50.38 53.67 30.0
65.63 64.01 74.0
96.15 24.88 34.1
34.98 72.23 20.6
78.17 79.71 45.6
98.41 8.35 71.5
20.13 91.86 24.9
51.84 56.49 37.5
44.62 17.46 57.7
20.14 23.88 7.7
79.70 37.25 50.8
30.75 61.39 50.2
56.20 79.92 69.2
47.03 54.86 100.4
82.68 60.88 86.1
15.22 68.87 9.8
35.48 57.44 27.6
25.40 81.51 4.3
0.58 60.05 78.4
56.68 25.60 6.5
31.30 16.74 54.9
10.79 73.94 53.7
69.61 5.03 49.8
51.51 80.87 87.6
73.02 10.21 47.8
24.55 1.27 92.8
13.10 49.23 90.6
44.65 41.88 37.5
91.25 47.34 100.9
94.34 80.81 36.1
81.29 71.86 21.9
15.08 40.71 34.1
3.20 73.42 101.0
14.13 26.38 43.9
63.36 24.82 17.7
65.17 6.52 67.7
90.84 75.15 91.3
53.79 2.20 93.3
77.86 27.77 56.7
9.99 37.80 44.3
20.10 22.03 77.5
98.69 23.26 47.0
94.23 8.35 49.6
39.56 97.04 100.3
7.02 97.13 31.5
44.14 98.51 41.1
16.69 29.14 101.0
65.65 52.85 80.2
93.91 47.53 97.4
33.42 71.41 62.0
67.13 3.74 61.2
28.55 28.82 47.0
1.53 9.81 60.9
12.80 8.63 77.3
28.84 19.07 73.0
56.01 10.16 97.3
