74.13 86.84 51.5
5.64 91.00 72.0
67.64 99.06 28.7
63.28 66.50 36.1
45.09 48.62 38.4
5.27 85.42 47.3
86.01 33.19 77.9
99.80 90.46 72.8
16.41 52.63 60.6
98.83 32.35 22.6
57.58 30.24 20.9
25.39 20.72 9.0
10.17 73.19 92.7
75.29 58.62 47.0
13.43 18.21 89.1
94.23 98.32 64.5
29.02 55.98 63.6
73.50 21.27 53.6
21.88 67.78 13.7
83.06 47.87 65.3
38.47 86.68 88.1
79.61 77.91 11.2
69.53 73.14 42.1
9.87 59.05 3.6
5.43 32.65 79.6
92.87 92.81 1.5
79.73 38.95 77.8
81.17 94.97 15.1
99.07 8.23 81.8
10.72 9.31 20.6
14.08 96.91 42.6
25.32 17.31 64.3
64.19 74.65 79.0
49.34 0.58 16.1
86.54 11.79 100.6
59.49 44.91 9.7
27.48 56.30 39.1
17.45 26.22 31.4
81.94 29.56 6.5
0.58 82.95 69.5
60.25 6.44 18.9
50.38 63.31 14.1
73.63 49.54 30.5
17.36 53.26 67.0
86.76 80.60 89.4
48.31 83.80 71.5
54.30 5.45 57.9
78.27 79.76 62.8
11.36 42.52 8.4
17.05 32.25 41.2
69.85 10.21 23.3
98.19 74.12 53.5
99.83 41.85 41.4
56.14 76.58 66.5
25.45 44.06 15.4
81.59 25.78 16.0
86.55 1.57 31.6
50.19 24.39 85.7
86.80 31.84 59.3
88.76 41.79 64.0
84.50 89.33 96.2
91.46 4.11 26.8
86.72 18.32 21.2
19.10 46.80 33.4
79.70 40.58 77.8
62.02 49.04 16.7
20.31 63.62 50.3
61.06 40.89 95.3
28.91 54.66 32.0
54.97 65.92 43.4
32.03 29.19 28.3
51.60 89.14 68.6
38.65 20.85 88.6
28.64 28.78 65.3
85.80 11.05 54.3
22.85 63.21 37.3
85.88 28.02 81.9
86.07 47.49 19.0
41.42 4.04 32.3
64.34 48.25 10.5
79.07 81.07 44.4
17.26 15.40 36.8
73.25 1.45 65.8
54.78 38.74 83.1
20.20 18.08 91.2
41.47 91.94 93.2
52.06 99.84 86.3
55.68 64.27 48.0
4.28 84.17 58.9
0.65 9.70 22.3
82.81 7.68 8.3
13.96 56.19 16.7
74.53 80.75 9.3
32.88 41.30 27.1
26.22 98.32 11.4
84.74 17.28 30.9
79.69 60.22 62.7
24.06 84.57 38.3
43.80 61.67 54.2
82.88 6.69 52.9
56.35 63.56 72.2
3.26 53.36 67.4
93.68 17.68 21.6
38.38 68.69 1.8
98.94 66.65 8.6
47.73 51.97 86.6
96.17 2.52 34.0
36.87 93.57 64.3
60.35 91.20 7.3
6.75 84.05 93.4
91.17 88.86 32.7
67.59 96.36 67.4
16.85 95.95 50.8
63.85 87.98 64.9
97.35 76.76 51.4
16.77 3.13 93.5
61.59 55.81 97.9
97.88 69.72 79.9
1.69 67.32 60.1
40.01 9.42 70.6
78.89 74.33 81.0
41.32 17.56 23.5
0.34 95.44 37.3
54.62 24.73 36.6
44.93 66.99 70.4
92.03 31.88 97.6
74.63 93.63 36.4
29.39 21.12 27.9
49.30 66.52 88.7
58.63 31.47 41.2
49.82 40.11 30.8
84.62 7.30 38.5
20.14 33.86 82.8
32.06 10.45 45.5
67.29 78.37 20.2
83.99 63.89 98.0
1.99 70.30 60.0
28.12 93.73 44.8
56.26 1.38 41.6
52.47 22.41 4.2
91.05 83.07 87.7
75.83 64.56 7.0
30.55 13.66 3.0
79.12 11.85 10.0
16.63 70.23 8.8
7.72 49.75 95.7
86.36 15.83 17.3
86.53 56.85 85.5
47.92 80.26 60.4
58.71 32.19 98.1
53.06 88.48 50.2
77.47 99.52 92.0
98.65 27.30 88.3
31.21 15.11 25.8
26.27 92.16 75.6
51.45 93.64 90.5
42.03 86.98 10.3
82.00 69.73 7.6
80.07 89.20 25.5
71.28 60.89 18.5
24.18 58.08 10.7
92.80 20.03 82.6
0.83 0.33 35.1
67.26 41.29 79.3
43.04 91.59 61.7
4.43 25.70 17.6
32.88 2.17 99.1
66.21 73.88 40.0
69.23 93.02 22.6
98.81 50.78 26.1
50.21 14.54 46.4
36.86 83.46 59.7
41.80 1.88 92.1
48.84 16.12 30.3
84.72 5.84 53.4
57.72 11.32 15.0
8.53 21.72 40.3
23.17 53.57 69.4
92.33 3.16 34.6
21.51 6.03 97.5
49.39 62.78 31.4
20.69 55.95 14.5
55.98 28.38 41.9
34.23 92.48 94.1
89.96 79.46 33.7
46.92 92.95 90.2
60.25 24.91 62.9
42.73 81.73 74.9
52.06 50.42 5.9
55.24 5.88 57.6
56.52 92.45 64.9
51.74 2.89 1.9
69.47 7.66 45.4
12.42 99.04 97.8
36.82 11.21 67.0
63.53 2.21 12.5
20.58 18.76 33.2
92.12 15.99 26.3
78.40 97.46 88.5
68.68 41.61 32.1
29.59 46.41 91.8
