25.33 91.77 13.6
43.38 82.58 84.3
61.49 67.10 62.9
53.44 75.85 94.2
32.41 41.69 29.5
51.43 59.95 93.5
71.13 81.00 15.9
48.54 24.36 53.0
73.76 73.12 43.2
34.10 99.02 2.6
19.13 30.15 7.0
14.13 17.14 63.7
29.31 43.75 9.3
41.82 55.54 35.1
12.26 41.93 16.7
1.15 56.90 26.1
49.09 26.83 33.4
8.77 64.20 13.6
27.32 88.36 20.1
32.48 30.97 3.1
57.43 61.26 80.2
27.25 90.70 81.5
84.66 37.31 43.1
75.81 57.93 62.2
23.85 5.57 20.7
83.93 60.49 69.2
46.00 44.95 50.0
12.50 71.87 70.4
57.07 91.80 69.8
52.46 29.32 99.1
57.31 63.82 34.8
48.54 0.62 64.3
100.00 29.62 8.5
48.34 21.89 52.9
32.98 63.24 40.4
51.31 90.40 60.9
49.54 73.55 27.1
88.71 74.66 61.4
23.12 84.82 43.2
84.03 86.77 59.8
25.32 52.28 23.0
71.35 49.32 53.4
24.17 11.27 4.9
79.61 81.30 16.9
13.45 93.89 85.0
81.83 50.07 82.5
99.26 93.45 79.8
97.31 50.51 87.1
20.64 21.48 57.2
17.30 89.45 72.3
60.90 53.08 11.6
16.59 68.47 49.9
86.71 82.93 56.6
51.45 34.54 76.2
79.85 21.60 3.8
40.76 21.58 38.7
77.92 91.78 10.1
83.56 52.67 1.2
64.99 61.43 93.2
4.73 92.18 74.1
88.70 60.05 65.6
25.46 35.05 68.3
97.82 22.87 99.0
42.43 23.60 8.8
8.74 15.19 63.3
51.18 54.47 42.5
58.01 29.14 54.2
66.69 1.77 30.4
70.33 72.80 10.3
25.59 67.77 85.1
84.03 60.34 80.1
49.53 32.61 21.0
3.68 40.50 35.4
28.83 25.75 25.3
89.10 65.75 25.4
53.05 9.50 56.3
99.63 80.98 25.8
96.83 57.38 72.5
43.84 19.29 4.4
35.26 64.34 64.7
79.16 16.16 1.2
88.95 56.36 58.6
16.06 2.29 84.7
43.39 28.20 13.8
60.28 35.45 98.9
83.70 20.42 79.7
81.07 2.37 91.0
58.32 72.71 43.0
86.90 58.26 55.0
63.27 0.78 71.6
91.22 84.69 30.5
53.15 88.47 53.0
58.70 20.54 13.6
35.13 43.77 86.9
96.19 11.33 30.6
40.71 28.14 85.2
1.39 83.23 62.1
80.64 36.47 46.6
40.25 10.52 2.5
49.37 36.40 56.8
57.70 5.02 48.4
97.03 82.61 13.4
10.38 51.47 98.1
20.52 97.71 3.1
95.58 87.10 22.8
35.73 46.09 19.0
72.87 57.90 3.5
32.56 78.42 91.7
62.10 81.02 83.5
5.36 95.25 73.8
6.48 44.58 62.8
69.68 92.09 75.4
98.71 64.84 73.4
22.57 45.92 100.4
64.89 71.60 2.5
56.93 45.29 63.9
61.20 51.36 11.3
70.72 87.60 23.0
33.38 59.21 5.2
64.48 20.19 2.2
69.28 93.21 89.9
60.20 91.01 29.2
85.05 89.68 92.8
35.70 87.83 78.6
37.41 17.85 57.0
74.75 11.46 100.7
84.38 71.71 34.0
66.01 14.94 21.4
83.82 29.80 20.5
86.85 62.70 75.9
83.13 14.70 68.5
63.07 70.13 46.2
65.09 4.13 78.9
89.01 12.52 22.3
6.70 98.41 93.1
68.00 95.31 62.9
73.11 30.31 81.9
65.64 70.58 44.7
86.67 8.95 55.7
31.12 98.60 66.5
56.15 54.63 35.8
86.02 69.63 69.3
47.91 5.89 43.0
18.00 59.99 69.9
36.20 13.85 20.9
44.46 11.73 4.7
55.16 16.73 32.5
4.11 58.23 45.0
59.62 24.26 9.5
50.86 48.24 47.8
54.00 86.99 12.8
21.02 19.70 83.2
38.93 49.14 58.8
65.59 17.78 41.2
69.09 46.88 54.5
87.77 86.23 61.5
75.52 98.33 48.9
30.88 2.84 18.5
58.01 69.99 74.1
61.79 55.85 75.1
69.46 32.23 46.9
87.36 23.65 85.5
48.66 77.07 72.8
2.32 45.07 46.5
93.28 27.57 75.7
22.05 52.16 95.9
19.72 96.64 38.2
44.76 42.46 88.5
49.76 89.61 29.7
31.10 3.51 59.0
72.95 93.58 76.2
83.07 66.57 72.0
6.37 52.16 52.1
44.42 20.10 48.9
87.20 29.92 69.4
75.16 51.97 69.4
5.74 3.03 82.3
52.25 65.55 36.3
12.23 74.67 89.0
22.30 15.89 5.9
75.00 32.32 3.6
81.50 14.23 15.7
37.77 35.05 54.8
22.03 23.91 33.8
55.89 76.76 91.2
14.77 2.12 27.5
99.21 8.41 7.6
98.90 40.12 18.7
61.72 21.36 93.5
86.26 13.63 59.8
84.42 73.34 93.4
48.79 78.78 69.1
47.15 79.48 90.4
41.60 92.00 5.2
79.04 22.16 86.2
43.78 97.91 87.0
39.95 5.17 41.1
1.53 85.84 59.9
62.26 55.20 70.8
71.47 75.92 11.9
89.53 0.07 35.7
22.44 48.74 33.3
17.81 74.36 63.7
77.63 2.65 37.0
69.31 88.43 46.2
39.35 2.02 81.3
41.06 77.11 66.9
68.01 33.27 57.2
95.17 83.35 93.4
65.95 82.09 17.4
91.35 93.41 85.6
37.00 18.38 16.4
73.53 71.94 89.7
36.80 24.48 55.7
23.20 78.54 63.0
85.64 52.34 77.5
20.33 58.01 34.5
22.20 20.55 47.5
43.78 59.32 65.3
31.85 61.90 58.0
22.38 64.04 65.0
6.23 18.28 96.9
92.69 89.49 21.3
95.75 9.45 26.9
60.96 37.19 51.7
28.43 62.82 42.0
93.59 90.11 80.7
48.20 34.64 94.0
83.87 30.73 54.1
12.13 80.11 34.9
79.46 56.22 60.6
68.23 49.64 90.3
18.81 13.33 74.9
71.30 90.22 65.3
96.80 42.12 3.5
44.03 56.83 57.8
1.91 67.80 53.0
37.85 0.16 88.5
90.99 38.75 13.9
2.80 54.49 67.4
79.53 33.89 5.7
83.27 77.42 42.2
56.56 7.14 10.5
86.85 26.52 17.4
8.17 76.70 97.7
68.79 21.43 91.6
68.19 39.95 26.2
71.93 80.41 40.0
75.63 26.60 49.3
44.52 15.02 39.8
3.73 46.83 92.1
74.72 87.79 5.3
78.40 40.48 95.3
62.89 91.92 56.5
43.92 67.13 79.4
0.64 16.21 46.3
52.65 18.48 86.3
52.77 68.61 91.4
76.98 6.65 21.1
48.77 37.97 77.9
88.53 80.85 41.2
98.02 73.27 7.5
47.71 49.11 42.1
86.28 42.41 4.2
3.96 44.98 19.1
38.46 96.66 53.0
88.40 56.05 64.4
1.73 57.12 47.3
30.35 17.36 95.1
1.85 83.77 88.3
29.78 69.74 21.4
19.93 47.39 49.3
2.37 2.50 45.4
63.04 33.62 19.5
95.88 7.81 52.2
23.58 27.08 96.2
44.78 10.96 48.7
96.30 30.14 18.5
41.45 57.20 2.9
67.73 52.51 6.1
85.70 27.74 23.0
57.24 15.05 75.4
5.50 24.25 47.2
95.49 15.40 74.7
95.56 9.66 44.6
49.64 74.23 63.9
17.32 59.85 38.2
59.96 92.91 52.5
73.80 22.15 13.4
47.02 56.08 78.7
28.73 43.39 84.2
18.50 30.07 25.0
88.88 57.30 47.6
44.83 2.43 47.8
72.19 9.55 97.4
36.59 36.52 53.4
99.29 3.48 66.3
96.18 29.10 56.4
91.23 93.82 10.4
77.06 21.76 92.9
82.25 65.12 14.8
27.65 7.63 24.4
48.90 23.04 40.7
42.64 68.58 52.5
20.72 44.29 39.7
57.41 19.54 72.7
18.40 66.09 67.5
20.82 64.86 68.6
68.62 89.38 29.6
68.80 59.87 34.2
7.55 27.11 63.5
8.51 48.54 13.6
68.26 11.54 80.4
54.42 48.89 17.1
72.38 7.86 74.5
33.19 90.04 73.0
48.44 70.88 3.0
94.26 21.98 91.8
2.80 87.58 4.7
32.85 40.63 80.4
96.20 54.26 12.5
72.47 27.72 43.9
8.54 38.61 27.6
99.21 34.13 27.4
37.56 75.40 98.7
71.27 58.55 10.3
14.97 47.76 63.7
21.16 25.46 29.0
82.46 11.31 58.5
3.40 42.36 20.8
75.12 70.44 41.7
99.90 35.30 76.7
22.92 6.21 83.0
23.85 25.41 67.5
59.45 23.02 41.6
31.97 50.64 35.3
50.82 32.82 58.8
74.23 37.28 28.4
48.74 44.87 8.8
86.56 18.05 37.0
93.88 85.28 81.5
65.00 82.89 13.9
25.76 97.07 73.5
0.60 73.05 69.6
88.82 83.58 79.3
34.82 56.58 59.7
37.31 54.72 23.9
69.09 19.29 18.5
23.16 82.74 35.6
33.73 38.88 6.3
11.09 27.13 85.2
84.30 73.52 91.4
59.99 46.59 2.8
95.54 42.02 12.8
97.46 85.67 41.6
16.77 62.67 85.3
73.01 69.10 4.2
22.16 40.04 2.0
48.01 94.97 30.7
69.34 69.15 91.7
61.47 74.57 65.3
44.17 97.13 9.5
93.09 77.19 7.0
21.77 7.44 38.4
0.13 25.21 10.8
14.80 67.04 29.1
35.64 18.28 83.6
40.40 35.01 11.1
99.79 16.75 12.2
81.60 14.62 91.4
26.45 20.71 97.2
62.26 25.24 25.8
5.11 84.01 11.5
87.81 81.37 94.8
89.36 15.17 57.2
75.12 17.39 75.9
52.39 4.96 58.9
77.35 44.25 2.3
48.11 1.18 65.5
45.41 76.75 16.5
9.86 72.81 98.7
69.91 37.78 46.8
32.30 98.89 42.3
89.92 49.16 24.6
66.48 2.77 10.4
60.31 29.34 19.0
75.79 63.91 69.9
89.90 68.67 5.5
84.78 64.61 33.3
5.99 84.37 49.9
94.11 7.23 54.2
36.84 99.52 42.7
58.71 32.26 78.5
17.95 53.66 71.7
93.55 44.16 32.2
52.60 92.24 23.5
33.97 46.10 69.8
17.78 78.28 31.2
64.12 87.38 3.7
86.97 14.32 48.7
43.45 63.41 95.1
